-863.1814792269423
480.2906981978706
-630.5282460056558
-83.14523527469726
847.3116839243892
-379.8014719565937
378.08864707878865
677.5280319810076
561.1318398873548
-791.5660400166145
478.11883177412005
-817.3725293029586
-249.22568968511553
170.35051881413983
5.513114435079046
44.265152044724346
939.9031765980822
-647.4065365149663
-472.73529874574604
-98.46751142751373
-426.8803356327022
-719.1984202654221
727.0433858096153
816.0391379706159
268.00561327227
-799.5827846327595
889.9454284280155
273.17188502051135
-887.2200795835694
357.01823630362674
351.49766964736114
-546.3252612822885
610.0920347995332
550.1226749519894
595.0438631788886
693.776703312298
-74.83470218870752
584.6614926142356
-972.6043251148985
532.7587648003991
244.6277538528766
-232.62480970657282
925.3031084722863
803.6771719734636
-690.9876657914849
-17.133807432734557
948.8534176956639
-119.19729607307067
727.8992732273916
824.044355555458
-634.3465926163879
731.9262244016725
844.882084973664
-404.6428591311568
518.0039565759362
588.2966437853174
-926.8847101085591
-256.00782406604196
-35.59507055093741
-482.12754781171213
566.9802219175458
214.68418234827436
-514.7304035660807
-312.26502404825715
-129.20547648787874
-806.4114551469086
30.458732817645114
-882.5478228316939
-952.8502408533808
887.738656870431
537.3681365278599
-613.7711066018569
243.4800515175184
309.6382557353029
387.3446746364066
-324.4094146952026
43.851486794395896
-593.7563281839418
960.2077614701386
-525.8394105165985
-568.322730856625
-847.2287427117633
-780.7186248173655
-147.22749860482145
-500.94977689752994
-540.5704029797837
-911.379262306704
685.1713331514115
862.3377262377462
82.44691936980394
-441.1145085374608
-740.6829409404869
-343.56624931563704
230.04323885803979
388.42927576417105
70.83271792582696
-883.3600651739271
846.8738989985004
-853.701429885646
-781.6212184764564
195.9380238737474
-867.7685443410501
-435.171864971295
-662.3447381007873
-0.6591694858988149
-736.009981317407
-796.4645830830962
-193.69262916346622
-128.12088400557457
-152.80761471429423
-378.1832159998444
-924.5340390379068
947.4814832420091
-98.7509417341455
-57.47681197014879
-623.0226821705883
-963.1473332773139
-116.46780972108024
717.1281534548334
-99.75478916886107
679.1247814792678
-32.139189529137866
-270.33220772465745
234.0736038601774
-440.8626668780305
-819.9517337289282
-242.46941122669296
-593.613537033716
-447.5256530477418
-41.368665477550735
-381.6735108784386
-884.2508737324628
-647.4426309021961
-161.7449203131838
634.266500629212
-347.6088592920295
675.9941799787409
-103.72077797702548
982.4932049497525
-446.8641167192236
-764.4854693081061
755.8034925665993
-337.36294954098025
896.6947425780354
343.484640131318
587.2448189581562
688.2015319114776
-212.25238964674872
419.04606279821405
-880.9718031540248
-104.21475321817968
-712.9591743424285
989.4440737096088
-86.99901713590225
601.6952185589405
-954.2018937590149
-578.5612870257271
-776.8625579934962
-764.2816394385916
-975.2116793052016
963.4659761206017
-653.1836990129802
-736.0182591938225
369.4850523096072
889.9127553341809
659.7115056387265
-197.00000380170502
263.0491545584821
-233.35628920607348
-336.55067559922225
-921.8460375709017
491.5721107193747
-180.36113269917166
443.3011480606622
-705.1100655551745
744.5455610214717
400.15396884861457
800.3564553862066
900.3421553030976
612.5910295233414
-341.3745871169118
840.291636249143
-237.50606266276657
-45.761780156042846
-436.27380680818214
855.2001799811378
-518.6880377983896
-529.9514537201317
-291.58920406770267
215.67016759236185
292.1166315139367
-0.18253045334688522
876.4269739019142
76.60570183301206
705.4819367283592
253.19226849801476
-131.3716272313717
198.57577981907866
-830.1928586761322
181.9740627320391
800.1786990970104
387.6082276494835
914.3974356456545
-870.8775774122043
-101.38013911122505
-496.6798330638249
785.7111400721724
930.2880284711316
-205.11539541683658
161.84925995622484
379.4274184011306
827.515757032816
-357.1648102422839
688.5517121700218
-71.2991939068404
754.8800447167255
-961.6758719409024
10.12464081061637
-756.8566050824113
-245.45017686672475
-835.3728807838417
430.6980405436468
425.26633972698255
778.5173512390993
612.407806560047
-95.92766458763992
-569.58148183556
620.9246621948942
-976.6357464969018
613.0144146604121
950.9445457531128
519.2910565668165
-587.0602426445593
-306.12332842448757
-742.288757702279
-958.9620866843688
-401.54115676048923
-262.11668229801785
741.4656984476239
-710.7765884836413
65.61258970877702
813.7368889435259
146.39972790297497
698.173434074554
618.8827508251247
981.7907756686079
-734.9754173918237
193.8715385721191
59.61443005369301
-220.1694878387981
-368.49870823989716
479.02539371018406
-467.9270999313625
397.56988364690824
211.76013186496425
-885.6308753376702
744.1343078957614
20.927608931505574
-412.71064820830475
333.9386881715427
165.48419883860493
-153.99160379109753
-641.7009361825228
-500.1447840712985
-695.9692752559038
265.14786399471495
455.2716311515619
-863.6329258079816
998.2646648018415
-448.9976530919031
393.55400494203536
-604.3032856437096
984.5399883227783
-70.97116461207656
31.618524863390803
-984.6296131060834
418.7933097387181
445.54772313284866
228.46571977542158
-325.5221331265809
-298.9229078655768
-97.17286473332877
158.51503505220103
885.401188469832
254.5606220898651
280.76745084667505
-254.3596689646472
-674.2804578203105
520.0862837939396
-22.08706059820065
-584.6019885424846
182.62764100097343
71.04596682402484
-667.0251988989604
-395.9682251453909
797.6008657667583
-520.6468782825817
330.77540564155606
-651.1531635120457
-282.61258778612387
986.8494885889393
966.769454764569
-658.9106977519145
-603.4509605373189
-841.4378464445393
-886.2226409864488
75.66403819951302
159.5947636540002
426.3492234575788
-392.85471544549137
223.61876792080375
931.2799034693073
470.9056247760295
-608.8417475027486
116.46226512506837
-429.2562677174751
-920.6538666782656
487.89651213040474
966.7709695351396
-487.70950283038064
3.4736904920966936
547.6067316975746
-609.4333353459884
152.1805451079863
814.6628939536738
-273.4392284215636
855.3928214506545
-245.6847718677999
959.4325127824186
-710.693893428821
-723.6773296491064
323.5858415138648
946.531957033036
-329.1136257900167
-707.7713526100993
-446.85805838298904
-364.9718665887027
-129.73207231607614
-161.56846620691056
-402.17894348470475
-67.72900980951465
442.2971599678972
194.05394113886746
402.461322402218
-686.7976562948015
-509.5612206946405
510.97065211678614
-735.0695723811748
-795.7741748051335
604.6411418619373
862.8334961975236
908.1857822472853
719.6334060446907
211.97972313620153
-702.9658676479976
-866.4328031341381
884.145676741311
806.463814458775
-251.83553450863496
651.4907101783281
15.328441393128287
340.3688579613324
479.82982589408107
355.4884172415302
-272.69874844549304
453.7730147694656
646.4503518262472
-65.75167382981294
533.3496334349991
-219.34496528575482
-187.58304344488704
804.3670754228065
-59.174252861637
188.26834701812095
-568.7615857951939
-399.39343908152455
573.9746776488171
593.8281315710926
573.6793073689073
-938.8399598520672
86.86293701283353
574.8306264501014
187.6843648287704
291.90012012315674
-778.4370460441954
123.34738347703205
993.8807342096047
262.5495813263658
-76.96653690445783
622.0338505029781
-343.6031486612976
-566.9636568204768
-514.1035503778575
731.2952838384826
-912.8069935018797
-541.4481897578731
-337.08171865885345
-130.18417922845015
797.4948431951864
363.60399593226543
-425.9102428600638
-232.64787770905195
-149.07606965386935
-438.74016139690707
820.7760750369853
755.4479845496728
-764.3200395452898
-850.3757643701073
-137.97097118257057
756.8403121706135
-685.4964826463148
-560.181171827812
-928.2480647437899
800.2967403041623
521.0004534716252
-459.16997894954386
-332.66099585965264
-980.4636841966776
-401.53694442742153
467.6337437374343
-767.2626285747086
993.8936787865896
361.675238441268
28.72637754556672
899.3192251770181
867.411702135935
107.58069615958038
-301.89225087823263
-960.177266622762
838.6212377649028
-346.6114117454589
750.344365161259
599.5962996412854
454.9457673952036
-963.3858172746288
-664.4027644164987
-387.8221322707343
-174.03613435114846
977.8588140472052
-572.8939168949137
-147.67428638043725
-98.913787307858
-620.6059520807325
-315.69170691117756
-197.9937277014625
312.6024642767143
836.6528814028318
-874.0338822023539
429.97381297674383
329.42162117973976
-709.0181877322298
930.951716738949
-77.77436310015219
187.71160704873705
-983.8582498895616
482.41556974434366
595.4588312982444
715.9838793801066
589.377826394888
-60.34345480225477
-278.6190225347991
-272.26914641411315
449.1044873276446
-0.25339639844105477
-577.8314006122748
660.7585235962979
28.991082725296565
-655.1006816395391
-581.0201019760011
-198.66259891067136
836.4303432432521
-19.47579524851801
89.92610221278323
227.75277004009217
-721.5410789898901
-549.5643028602573
-788.2194858164115
621.765766117459
387.68402733921084
941.1846897937976
582.9232558068813
138.8652052824914
-12.416732242079206
434.84368506459236
-672.5856702052881
-216.74583693177783
-881.2578789222938
867.9395494218306
237.03045805901866
284.2874478575495
-894.1086028720773
-578.4256005204089
-391.7999743936824
-897.24399495771
441.44560703695424
653.2315283293046
-367.79226645456833
857.6271762237861
-74.03032738622244
-803.4558744670799
-516.0142076359464
-958.6214620528965
577.1250759967777
-785.5045605412125
34.04790974216371
-455.46573726487736
-776.8046033462579
133.97122434389962
440.2009704620609
-21.95220155649008
-740.2951975273977
232.27760897651
586.3709212766742
142.11148044986794
-2.6628260558454713
-408.0371906537532
-677.8646136103104
-367.84351459105926
-453.5806971621863
-8.845548810903779
496.0094381441918
-795.5761437687675
-429.3382565643806
532.682082199336
-729.3807523201725
966.9861640179297
150.25545456748569
771.4248503176234
-148.7118383316963
-377.0307098322188
314.39291845580465
520.5750368308165
-588.5654619524244
244.9310729099077
983.5104398914104
-513.1835914742122
-64.98931132065968
-317.65769724064864
-666.764750657775
-244.72621821990367
145.5886744306033
473.87721979683806
218.33306424982743
-631.8783046341155
163.47978882693133
-83.47700032259286
-212.8565807744735
276.54947359418
563.4313446752124
772.650849357479
-380.47653431788706
312.80124274241666
-964.1040705531083
941.6066864109496
-310.2253103230455
-440.6819645722719
889.9149163858292
-798.3221722662222
223.9013629496019
331.8423445285912
161.00306106657558
-282.02802926311745
-265.97642228087716
2.736171308502776
360.2186830803407
420.6633769610903
-482.64480196254954
718.5564611290552
-237.63047536555734
-406.88387829713156
-829.2579607075188
-889.4436305387433
-88.11034843910704
784.6188924756461
786.1834664028972
-215.1001434522433
34.8209854136619
95.71203840144176
-700.0702969165043
-457.3778963904575
376.7118840611438
395.8407757773357
-178.7806106820076
-871.1593047239932
-155.40635689178964
906.1796658357584
-117.63263806757095
-633.3117823756634
628.8026116291296
-823.8947494365741
942.9222663896405
309.7156908229538
-732.430259501524
296.51964067291624
-490.7485210658915
658.1988992936672
-486.80247493303614
9.196882524443708
603.6222693331433
249.22147432074212
-310.34828870862793
-392.0712490142329
63.82654328363742
909.6539419252153
-350.1298693190813
-438.5613285451118
-663.5142271439129
160.8736413466463
-256.14393828486266
-853.1329899773261
896.0617915718872
-367.26185415150894
321.7609518727111
32.976509227080214
651.5008423639754
708.5723925528816
-291.7325687661996
-196.1828459223767
-319.64750880259567
-743.9505135151383
605.9475611222219
-492.55131024253785
-586.3555218518063
102.5997640586254
-532.9035022849802
832.5937181849711
24.71422184221865
787.0574090753112
-87.22092520261617
-554.1731439163316
-352.0022376986029
369.18314749452134
-697.7298852395384
697.1611129499549
-767.0781502437809
-248.09311707857535
407.5127588191426
-248.39484732622657
935.1515443231021
-295.226372731884
-433.99728413095715
-940.8153869634601
-82.95793447456128
-974.4826446325139
-450.3480526164492
-529.7821707051976
-0.6964740496484865
920.936438716863
226.13460320913146
-330.9755870393094
484.82698615522804
481.7972635024
893.9358341725069
-17.7621224033295
-985.761088612477
-255.73779226090835
498.6249720878682
-63.225931130626236
-596.6186519023331
-706.1278713685524
295.18802985571847
879.336211508431
423.209383620097
571.2829270104712
202.58593782590947
-17.590735834808584
-328.22334255111116
-349.0308371123998
-467.66245481057615
367.3282664162937
362.79453049208246
393.7646423885103
-681.9259714149231
985.8270816117897
849.7052905137155
-110.72972731297796
-299.744146943882
749.0814116285485
304.0677167498984
-819.0369966527998
-974.0274212086617
-444.91511625024384
-832.9746994822304
-839.4862795972373
752.4943784941299
206.41245737531813
384.76549602457794
-154.0542062907026
93.86660564836097
323.99953538833074
168.3311675146124
-728.4820640576174
466.41975610889835
654.7899080208576
830.908234874352
-560.662794882274
490.22010342208455
316.52161491298625
56.26692083538546
-665.6954640049264
-216.3770449475893
207.1678311299902
242.67844609198073
646.4350573697275
-65.15743917193163
387.53905066744574
726.9924604554658
-193.78189836620072
141.56066160940372
767.521456897309
-748.0268400563077
-98.20740070699014
482.9448756061454
391.9745639398466
-171.6686604525837
863.0371488015387
582.8553838365863
-467.32088409494213
-929.5582819717887
-266.6340456622622
956.8175874899907
-945.7435902237696
-591.818277599438
-31.296015960250656
700.2280430957437
366.089083807193
-753.2312116805874
549.6452303216317
-59.16211839792538
-382.23726697842994
-309.2340804926206
-715.7463673585398
697.9634462335675
294.35595338278154
107.3461243364502
772.2477956265475
-145.04476197407575
-973.2159905422952
283.7716060941043
-328.34784476827633
-641.9102241255625
-291.54940887500345
552.9797373682604
-115.04826045694051
731.7845348129463
615.4411038213491
115.93054331759959
-905.4108849123184
324.6034598377596
637.0453949600528
-165.68606927676637
-366.0973256523365
-253.39912842352794
-388.5047950064567
679.2285298405654
-744.3347687931672
664.6328572065088
980.9776673496419
774.8344196308683
-561.6598086395873
-651.9690606862628
-364.20277459408214
-872.564872796618
-556.0025052698923
-175.1036196340832
406.8375250942702
-122.36052439538628
588.9791285612534
-739.4156725525988
318.0082200717243
-862.4584920191019
65.89459772650343
-796.618973142824
-583.3033611331948
389.4210926209191
-498.21836502498695
997.0741978112308
480.7108075975257
597.8923533576735
-423.16287989138175
-770.2391640635253
-628.8054459531925
849.7714036300918
-802.295477284736
345.8920277953441
528.3744977066608
741.4480893117525
633.0042623008926
15.1894383721733
115.26286742416914
344.40799653521094
-729.8326458845247
552.5355278906084
78.46681863289473
-201.5707777103937
266.6736896904604
112.24740569600453
639.060037333792
-205.33943172979923
5.2375920967398315
-190.43541686825222
777.2416491881709
733.5576273193649
477.93546124527825
384.7798117447637
-505.81945815770933
-819.0793349934313
-719.7674067688779
279.8747204146489
-763.425150043551
97.57450547369717
-305.0865189656324
909.970618438148
307.67915216772167
785.3118688173649
-976.2918390057513
-528.4782386221029
490.7349753304102
-462.9438351152835
-847.5967453089695
-257.80303488555717
251.3233354384813
-546.69624422574
-722.290413480516
915.6894551772173
-325.1527748988849
-757.5502139159729
-5.282634244246424
-232.97291163967589
717.6206264976868
-746.4344712410087
400.167697116583
312.2434981755239
400.26981738810923
-53.17008576693195
412.40781771867887
498.96678653434424
859.1475938430713
691.0804722296853
91.08013955234037
-532.1937442819753
727.5077663952216
-527.0114091236753
224.06898292661458
-31.069762499378726
-771.5352634406522
-820.3905649486651
250.5935145217802
356.3487641738102
609.1718718368895
-341.9766696223463
488.3681526716621
152.47970662287753
-843.0228869679308
49.39471021082204
-159.23404193211786
-372.85666914133037
29.666486018765
-616.313648920272
-207.18814488884016
334.7466681352189
-792.3392643413245
-748.7596382568753
-588.4786382671912
828.0290880985351
-640.2686937755025
-304.1943697906879
311.60053446073584
540.3954206062929
123.18499016926103
-134.02972532549336
-582.2177045661015
180.54010283905086
702.5531586047603
667.9624272221179
-56.71049860755818
992.287412296866
884.3276897628239
462.1546621712441
-793.2163849415222
393.95102073217686
37.90153473348596
-348.1803784281119
256.1521496872863
950.4252660118887
-938.9195751966299
560.76506771647
962.3714088561844
401.33956522525887
315.50509692207334
740.1148315262224
591.4038444801647
-925.9840094257441
-908.4398804297256
-630.2492893558722
481.5174462601342
-790.5144366486405
866.0902366591267
202.66757071562915
836.9145509414873
90.41237189129015
66.4407211907253
356.7798058489698
-459.31712296876026
524.5232312115295
-998.0152512195033
-762.4743288549128
-923.1531850343495
227.7208427537364
84.82208952973315
616.3136615221999
901.0539594327197
-337.7649209135119
-323.86375680179526
507.3585447503044
44.7693137555284
437.5676828219548
-379.95919216947334
284.6687010320554
-793.8981828036935
-208.6263770689676
116.35290710199229
756.0833034077009
-910.9432182360426
-581.8114740365202
-545.0489132551086
-925.0107679696362
-875.1678706202746
660.6965240546926
-639.7576338159903
945.7954104010973
-180.50368729975207
655.8323857422652
856.787034309817
-459.87116504092
-944.2679112859154
919.9495036730764
-273.4528267560195
-419.10119558924805
592.4804405648445
-698.6364299663575
-801.9085814133349
477.15731127476647
248.87832037969451
287.1342962913732
-682.6940111447834
474.3492468828838
-789.6668384038726
-642.391057620104
-881.3055528574685
-963.3660481550099
-813.2471464189257
284.0024685950775
-608.7299397339767
-827.0497102317456
133.9720221196494
676.804724817114
956.5446611171581
-519.9851879448494
872.9933527544879
344.94800238534367
363.61433681588187
-627.7925560250785
363.2415655966763
383.654559049196
436.35028769226096
-887.0602131048784
719.8569819533498
-432.62632914169114
650.8644248767532
479.75627323551225
850.6779177785822
346.0208395845318
456.40883141665427
-85.42230010210324
136.24278570147726
65.13073085872998
575.1341512765496
-372.6089737810156
-700.5033930889253
-493.9991736458928
160.9751191509215
-860.6266992790747
410.0385421030892
-5.4514097212831985
340.2659071771236
81.43957256726185
-970.8163972728574
-154.17892325604282
-47.357210111145264
303.56768341388124
-990.8662358006926
951.7659718324937
-993.0961433028014
504.985620084577
-776.6434211548998
-195.88142722524378
153.75158025595533
-435.3425304344911
333.42313037279496
